[gd_scene load_steps=18 format=3 uid="uid://do1xe3tqii0no"]

[ext_resource type="Script" uid="uid://ch7v656g1dis3" path="res://Scripts/Enemy Scripts/EnemyExplosion.gd" id="1_cx1pd"]
[ext_resource type="PackedScene" uid="uid://st2wda44sgu7" path="res://Models/Enemies/Roller2.blend" id="2_aj5v4"]
[ext_resource type="Texture2D" uid="uid://8coueektucvq" path="res://Assets/Kenney Particles Transparent Background/fire_01.png" id="3_8iw1i"]

[sub_resource type="SphereShape3D" id="SphereShape3D_dp8bq"]
radius = 1.60604

[sub_resource type="CapsuleShape3D" id="CapsuleShape3D_k711p"]
radius = 0.449084
height = 0.898169

[sub_resource type="SphereShape3D" id="SphereShape3D_pu3ww"]
radius = 1.70299

[sub_resource type="SphereShape3D" id="SphereShape3D_3kmyd"]
radius = 3.103

[sub_resource type="StandardMaterial3D" id="StandardMaterial3D_xuh6v"]
transparency = 1
shading_mode = 0
vertex_color_use_as_albedo = true
albedo_texture = ExtResource("3_8iw1i")
billboard_mode = 3
billboard_keep_scale = true
particles_anim_h_frames = 1
particles_anim_v_frames = 1
particles_anim_loop = false

[sub_resource type="Curve" id="Curve_3kmyd"]
_data = [Vector2(0.305344, 0.685393), 0.0, 0.0, 0, 0]
point_count = 1

[sub_resource type="CurveTexture" id="CurveTexture_ksv8p"]
curve = SubResource("Curve_3kmyd")

[sub_resource type="Gradient" id="Gradient_0ftip"]
offsets = PackedFloat32Array(0, 0.0190476, 0.390476, 0.87619)
colors = PackedColorArray(0.0804598, 0.0804598, 0.0804598, 1, 0, 0, 0, 1, 1, 1, 1, 1, 1, 1, 1, 1)

[sub_resource type="GradientTexture1D" id="GradientTexture1D_n1xrl"]
gradient = SubResource("Gradient_0ftip")

[sub_resource type="Curve" id="Curve_ekuxq"]
_limits = [-1.0, 1.0, 0.0, 1.0]
_data = [Vector2(0, 1), 0.0, 0.0, 0, 0, Vector2(1, -1), 0.0, 0.0, 0, 0]
point_count = 2

[sub_resource type="CurveTexture" id="CurveTexture_52x3p"]
curve = SubResource("Curve_ekuxq")

[sub_resource type="ParticleProcessMaterial" id="ParticleProcessMaterial_pu3ww"]
angle_min = -162.6
angle_max = 320.0
inherit_velocity_ratio = 5.0
spread = 180.0
initial_velocity_max = 5.0
gravity = Vector3(0, 0, 0)
damping_min = 4.0
damping_max = 5.0
color = Color(0.601631, 0.0603955, 0.635184, 1)
color_ramp = SubResource("GradientTexture1D_n1xrl")
alpha_curve = SubResource("CurveTexture_ksv8p")
hue_variation_min = -0.1
hue_variation_max = 0.1
hue_variation_curve = SubResource("CurveTexture_52x3p")

[sub_resource type="QuadMesh" id="QuadMesh_3kmyd"]

[sub_resource type="BoxShape3D" id="BoxShape3D_xuh6v"]
size = Vector3(0.272949, 0.925232, 0.394104)

[node name="DONOTPLACEINWORLD" type="CharacterBody3D" groups=["Enemy", "enemy"]]
top_level = true
script = ExtResource("1_cx1pd")
health = 100

[node name="DetectionRange" type="Area3D" parent="." groups=["Enemy"]]
transform = Transform3D(10, 0, 0, 0, 10, 0, 0, 0, 10, 0, 0, 0)

[node name="CollisionShape3D" type="CollisionShape3D" parent="DetectionRange" groups=["Enemy"]]
shape = SubResource("SphereShape3D_dp8bq")
debug_color = Color(0.138961, 0.599429, 0.670183, 1)

[node name="CollisionShape3D" type="CollisionShape3D" parent="."]
shape = SubResource("CapsuleShape3D_k711p")

[node name="NavigationAgent3D" type="NavigationAgent3D" parent="."]

[node name="Mesh" parent="." instance=ExtResource("2_aj5v4")]

[node name="Skeleton3D" parent="Mesh/Armature" index="0"]
bones/0/rotation = Quaternion(-7.06651e-09, 3.38417e-08, 0.300996, 0.953626)
bones/1/position = Vector3(2.00366e-09, -0.269841, -0.142753)
bones/1/rotation = Quaternion(-0.707107, -5.26836e-09, 0.707107, -5.26836e-09)
bones/3/position = Vector3(1.23645e-08, -0.27435, 0.147254)
bones/3/rotation = Quaternion(-0.707107, -5.26836e-09, 0.707107, -5.26836e-09)
bones/5/position = Vector3(1.54714e-09, -0.025236, 0.21961)
bones/5/rotation = Quaternion(0.302937, -0.638928, -0.302937, 0.638928)
bones/7/position = Vector3(1.97648e-09, -0.025236, -0.215732)
bones/7/rotation = Quaternion(-0.0716816, 0.897109, -0.406196, 0.158313)
bones/10/position = Vector3(-0.000245689, 0.000394933, -2.24236e-07)
bones/10/rotation = Quaternion(8.06622e-09, -1.89425e-09, -0.0909777, 0.995853)

[node name="BeinR" parent="Mesh/Armature/Skeleton3D" index="0"]
transform = Transform3D(0.818803, -0.574075, -9.54457e-08, 0.574074, 0.818803, -5.55052e-08, 5.04107e-08, -9.34513e-09, 1, -0.0236344, 0.0306309, -0.00346281)

[node name="BeinL" parent="Mesh/Armature/Skeleton3D" index="1"]
transform = Transform3D(0.818803, -0.574075, -9.54457e-08, 0.574074, 0.818803, -5.55052e-08, 5.04107e-08, -9.34513e-09, 1, -0.021046, 0.0269391, 1.04308e-07)

[node name="ArmL" parent="Mesh/Armature/Skeleton3D" index="2"]
transform = Transform3D(0.818803, -0.44446, -0.363341, 0.574075, 0.633934, 0.518234, -2.36542e-07, -0.632917, 0.77422, 0.0573383, -0.0848604, -0.000962868)

[node name="ArmR" parent="Mesh/Armature/Skeleton3D" index="3"]
transform = Transform3D(0.818803, -0.431416, 0.378736, 0.574074, 0.615331, -0.540191, -7.7486e-07, 0.659733, 0.7515, 0.060292, -0.0890731, -0.000921667)

[node name="Hutshell" parent="Mesh/Armature/Skeleton3D" index="4"]
transform = Transform3D(0.881335, -0.472492, 0.000287027, 0.472492, 0.881335, -2.53634e-05, -0.000240983, 0.000157972, 1, -0.000420555, 0.000211563, -3.61166e-07)

[node name="Körper" parent="Mesh/Armature/Skeleton3D" index="5"]
transform = Transform3D(0.905571, -0.423777, -0.0188538, 0.423862, 0.905726, 0.000616985, 0.0168149, -0.00855013, 0.999822, 0.00501396, -0.0107162, 0.000101157)

[node name="Hut" parent="Mesh/Armature/Skeleton3D" index="6"]
transform = Transform3D(0.905571, -0.423777, -0.0188538, 0.423862, 0.905726, 0.000616985, 0.0168149, -0.00855013, 0.999822, -1.11759e-08, 1.21072e-08, -4.9331e-09)

[node name="Sphere_002" parent="Mesh/Armature/Skeleton3D" index="7"]
transform = Transform3D(0.905571, -0.423777, -0.0188538, 0.423862, 0.905726, 0.000616985, 0.0168149, -0.00855013, 0.999822, -0.129447, -0.000277434, -0.00244082)

[node name="AttackArea" type="Area3D" parent="."]

[node name="CollisionShape3D" type="CollisionShape3D" parent="AttackArea"]
shape = SubResource("SphereShape3D_pu3ww")

[node name="DamageArea" type="Area3D" parent="."]

[node name="CollisionShape3D" type="CollisionShape3D" parent="DamageArea"]
shape = SubResource("SphereShape3D_3kmyd")

[node name="GPUParticles3D" type="GPUParticles3D" parent="."]
material_override = SubResource("StandardMaterial3D_xuh6v")
emitting = false
amount = 1000
one_shot = true
explosiveness = 1.0
randomness = 0.05
process_material = SubResource("ParticleProcessMaterial_pu3ww")
draw_pass_1 = SubResource("QuadMesh_3kmyd")

[node name="Area3D" type="Area3D" parent="."]

[node name="CollisionShape3D" type="CollisionShape3D" parent="Area3D"]
transform = Transform3D(1, 0, 0, 0, 1, 0, 0, 0, 1, 0, -0.461661, 0)
shape = SubResource("BoxShape3D_xuh6v")

[connection signal="area_entered" from="AttackArea" to="." method="_on_attack_area_entered"]
[connection signal="area_entered" from="DamageArea" to="." method="_on_damage_area_entered"]
[connection signal="area_exited" from="DamageArea" to="." method="_on_damage_area_exited"]
[connection signal="body_entered" from="Area3D" to="." method="_on_area_3d_body_entered"]

[editable path="Mesh"]
