[gd_scene load_steps=6 format=3 uid="uid://cfubqgne171oq"]

[ext_resource type="PackedScene" uid="uid://brlysjr2dhrpx" path="res://Models/Nature/Plants/Bush2.blend" id="2_vwt8k"]

[sub_resource type="BoxShape3D" id="BoxShape3D_cej1e"]
size = Vector3(1.74365, 1.71509, 2.82324)

[sub_resource type="BoxShape3D" id="BoxShape3D_ylfdm"]
size = Vector3(1.94421, 1.71509, 2.29846)

[sub_resource type="BoxShape3D" id="BoxShape3D_xqiwt"]
size = Vector3(1.74365, 1.71509, 2.82324)

[sub_resource type="BoxShape3D" id="BoxShape3D_tc1t3"]
size = Vector3(1.94421, 1.71509, 2.29846)

[node name="CurveBushForSneaking" type="Node3D"]

[node name="Bush1" type="MeshInstance3D" parent="." groups=["Bush", "World"]]
transform = Transform3D(2, 0, 0, 0, 2, 0, 0, 0, 2, 0, 0, 0)
layers = 2
skeleton = NodePath("../..")

[node name="StaticBody3D" type="StaticBody3D" parent="Bush1" groups=["Bush", "World"]]
collision_layer = 2

[node name="CollisionShape3D" type="CollisionShape3D" parent="Bush1/StaticBody3D" groups=["World"]]
transform = Transform3D(0.855247, 0, 0.518221, 0, 1, 0, -0.518221, 0, 0.855247, -0.613679, 0, -0.534739)
shape = SubResource("BoxShape3D_cej1e")

[node name="CollisionShape3D2" type="CollisionShape3D" parent="Bush1/StaticBody3D" groups=["World"]]
transform = Transform3D(0.296525, 0, 0.955025, 0, 1, 0, -0.955025, 0, 0.296525, 0.760674, 0, 0.515891)
shape = SubResource("BoxShape3D_ylfdm")

[node name="Bush3" type="Area3D" parent="Bush1" groups=["Bush"]]

[node name="CollisionShape3D" type="CollisionShape3D" parent="Bush1/Bush3" groups=["Bush"]]
transform = Transform3D(0.855247, 0, 0.518221, 0, 1, 0, -0.518221, 0, 0.855247, -0.613679, 0, -0.534739)
shape = SubResource("BoxShape3D_xqiwt")
debug_color = Color(0, 0.647059, 0.196078, 1)

[node name="CollisionShape3D2" type="CollisionShape3D" parent="Bush1/Bush3" groups=["Bush"]]
transform = Transform3D(0.296525, 0, 0.955025, 0, 1, 0, -0.955025, 0, 0.296525, 0.760674, 0, 0.515891)
shape = SubResource("BoxShape3D_tc1t3")
debug_color = Color(0, 0.647059, 0.196078, 1)

[node name="ModelMesh" type="Node3D" parent="."]
transform = Transform3D(2, 0, 0, 0, 2, 0, 0, 0, 2, 0, 0, 0)

[node name="Bush2" parent="ModelMesh" instance=ExtResource("2_vwt8k")]
transform = Transform3D(1, 0, 0, 0, 1, 0, 0, 0, 1, -0.902509, 0, -0.98293)

[node name="Skeleton3D" parent="ModelMesh/Bush2/Armature_001" index="0"]
bones/1/rotation = Quaternion(0.00119438, -0.0002408, 0.000120708, 0.999999)
bones/2/rotation = Quaternion(0.00317896, -0.000447886, 0.719085, 0.694915)
bones/3/rotation = Quaternion(-0.002366, 0.000434377, -0.694911, 0.719092)
bones/4/rotation = Quaternion(-0.704273, 0.0101731, 0.0135178, 0.709728)
bones/5/rotation = Quaternion(0.709772, -0.0102527, 0.00783952, 0.704314)

[node name="AnimationPlayer" parent="ModelMesh/Bush2" index="2"]
autoplay = "Idle"

[node name="Bush4" parent="ModelMesh" instance=ExtResource("2_vwt8k")]
transform = Transform3D(0.0731686, 0, -0.99732, 0, 1, 0, 0.99732, 0, 0.0731686, -0.509336, 0, -0.321686)

[node name="Skeleton3D" parent="ModelMesh/Bush4/Armature_001" index="0"]
bones/1/rotation = Quaternion(0.00119438, -0.0002408, 0.000120708, 0.999999)
bones/2/rotation = Quaternion(0.00317896, -0.000447886, 0.719085, 0.694915)
bones/3/rotation = Quaternion(-0.002366, 0.000434377, -0.694911, 0.719092)
bones/4/rotation = Quaternion(-0.704273, 0.0101731, 0.0135178, 0.709728)
bones/5/rotation = Quaternion(0.709772, -0.0102527, 0.00783952, 0.704314)

[node name="AnimationPlayer" parent="ModelMesh/Bush4" index="2"]
autoplay = "Idle"

[node name="Bush6" parent="ModelMesh" instance=ExtResource("2_vwt8k")]
transform = Transform3D(-0.724112, 0, -0.689683, 0, 1, 0, 0.689683, 0, -0.724112, -0.00893551, 0, 0.178714)

[node name="Skeleton3D" parent="ModelMesh/Bush6/Armature_001" index="0"]
bones/1/rotation = Quaternion(0.00119438, -0.0002408, 0.000120708, 0.999999)
bones/2/rotation = Quaternion(0.00317896, -0.000447886, 0.719085, 0.694915)
bones/3/rotation = Quaternion(-0.002366, 0.000434377, -0.694911, 0.719092)
bones/4/rotation = Quaternion(-0.704273, 0.0101731, 0.0135178, 0.709728)
bones/5/rotation = Quaternion(0.709772, -0.0102527, 0.00783952, 0.704314)

[node name="AnimationPlayer" parent="ModelMesh/Bush6" index="2"]
autoplay = "Idle"

[node name="Bush8" parent="ModelMesh" instance=ExtResource("2_vwt8k")]
transform = Transform3D(1, 0, 0, 0, 1, 0, 0, 0, 1, 0.562951, 0, 0.527208)

[node name="Skeleton3D" parent="ModelMesh/Bush8/Armature_001" index="0"]
bones/1/rotation = Quaternion(0.00119438, -0.0002408, 0.000120708, 0.999999)
bones/2/rotation = Quaternion(0.00317896, -0.000447886, 0.719085, 0.694915)
bones/3/rotation = Quaternion(-0.002366, 0.000434377, -0.694911, 0.719092)
bones/4/rotation = Quaternion(-0.704273, 0.0101731, 0.0135178, 0.709728)
bones/5/rotation = Quaternion(0.709772, -0.0102527, 0.00783952, 0.704314)

[node name="AnimationPlayer" parent="ModelMesh/Bush8" index="2"]
autoplay = "Idle"

[node name="Bush10" parent="ModelMesh" instance=ExtResource("2_vwt8k")]
transform = Transform3D(-0.760667, 0, 0.649143, 0, 1, 0, -0.649143, 0, -0.760667, 1.03273, 0, 0.491465)

[node name="Skeleton3D" parent="ModelMesh/Bush10/Armature_001" index="0"]
bones/1/rotation = Quaternion(0.00119438, -0.0002408, 0.000120708, 0.999999)
bones/2/rotation = Quaternion(0.00317896, -0.000447886, 0.719085, 0.694915)
bones/3/rotation = Quaternion(-0.002366, 0.000434377, -0.694911, 0.719092)
bones/4/rotation = Quaternion(-0.704273, 0.0101731, 0.0135178, 0.709728)
bones/5/rotation = Quaternion(0.709772, -0.0102527, 0.00783952, 0.704314)

[node name="AnimationPlayer" parent="ModelMesh/Bush10" index="2"]
autoplay = "Idle"

[editable path="ModelMesh/Bush2"]
[editable path="ModelMesh/Bush4"]
[editable path="ModelMesh/Bush6"]
[editable path="ModelMesh/Bush8"]
[editable path="ModelMesh/Bush10"]
