[gd_scene load_steps=5 format=3 uid="uid://ckdufxb5ohn65"]

[ext_resource type="Material" uid="uid://41byjnpqi8jl" path="res://Materials/TestBush.tres" id="1_2b1sr"]
[ext_resource type="PackedScene" uid="uid://brlysjr2dhrpx" path="res://Models/Nature/Plants/Bush2.blend" id="2_qmtc8"]

[sub_resource type="BoxShape3D" id="BoxShape3D_hje5y"]
size = Vector3(1.74365, 1.71509, 3.78662)

[sub_resource type="BoxShape3D" id="BoxShape3D_sa74m"]
size = Vector3(1.74365, 1.71509, 3.78662)

[node name="MediumBushForSneaking" type="Node3D"]

[node name="Bush1" type="MeshInstance3D" parent="." groups=["Bush", "World"]]
transform = Transform3D(2, 0, 0, 0, 2, 0, 0, 0, 2, 0, 0, 0)
layers = 2
material_override = ExtResource("1_2b1sr")
skeleton = NodePath("../..")

[node name="StaticBody3D" type="StaticBody3D" parent="Bush1" groups=["Bush", "World"]]
collision_layer = 2

[node name="CollisionShape3D" type="CollisionShape3D" parent="Bush1/StaticBody3D" groups=["World"]]
transform = Transform3D(1, 0, 0, 0, 1, 0, 0, 0, 1, 0, 0, -0.05)
shape = SubResource("BoxShape3D_hje5y")

[node name="Bush3" type="Area3D" parent="Bush1" groups=["Bush"]]

[node name="CollisionShape3D" type="CollisionShape3D" parent="Bush1/Bush3" groups=["Bush"]]
transform = Transform3D(1, 0, 0, 0, 1, 0, 0, 0, 1, 0, 0, -0.05)
shape = SubResource("BoxShape3D_sa74m")
debug_color = Color(0, 0.647059, 0.196078, 1)

[node name="ModelMesh" type="Node3D" parent="."]
transform = Transform3D(2, 0, 0, 0, 2, 0, 0, 0, 2, 0, 0, 0)

[node name="Bush2" parent="ModelMesh" instance=ExtResource("2_qmtc8")]

[node name="Bush3" parent="ModelMesh" instance=ExtResource("2_qmtc8")]
transform = Transform3D(0.404487, 0, -0.914544, 0, 1, 0, 0.914544, 0, 0.404487, 0, 0, 0.512647)

[node name="Bush4" parent="ModelMesh" instance=ExtResource("2_qmtc8")]
transform = Transform3D(0.594177, 0, 0.804334, 0, 1, 0, -0.804334, 0, 0.594177, 0, 0, 0.958606)

[node name="Bush5" parent="ModelMesh" instance=ExtResource("2_qmtc8")]
transform = Transform3D(0.737702, 0, -0.675127, 0, 1, 0, 0.675127, 0, 0.737702, 0, 0, -0.562049)

[node name="Bush6" parent="ModelMesh" instance=ExtResource("2_qmtc8")]
transform = Transform3D(-0.986043, 0, 0.166493, 0, 1, 0, -0.166493, 0, -0.986043, 0, 0, -1.06867)
